<?xml version="1.0" encoding="utf-8"?>
<opencv_storage>
   <camera-matrix type_id="opencv-matrix">
      <rows>3</rows>
      <cols>3</cols>
      <dt>d</dt>
      <data>1043.5988846825796372 0.0000000000000000 321.3709168680163089 
0.0000000000000000 980.0332161600671270 239.4831773037506935 
0.0000000000000000 0.0000000000000000 1.0000000000000000 
</data>
   </camera-matrix>
   <distortion type_id="opencv-matrix">
      <rows>5</rows>
      <cols>1</cols>
      <dt>d</dt>
      <data>0.2469022802747467 -3.1238577130666756 0.0000000000000000 0.0000000000000000 0.0000000000000000 </data>
   </distortion>
</opencv_storage>