<?xml version="1.0" encoding="utf-8"?>
<opencv_storage>
   <camera-matrix type_id="opencv-matrix">
      <rows>3</rows>
      <cols>3</cols>
      <dt>d</dt>
      <data>847.1241619230372635 0.0000000000000000 328.8067832609560810 
0.0000000000000000 792.4461793828315876 241.2457301158626706 
0.0000000000000000 0.0000000000000000 1.0000000000000000 
</data>
   </camera-matrix>
   <distortion type_id="opencv-matrix">
      <rows>5</rows>
      <cols>1</cols>
      <dt>d</dt>
      <data>-0.0446459322767336 -0.1482543883344205 0.0000000000000000 0.0000000000000000 0.0000000000000000 </data>
   </distortion>
</opencv_storage>